return {
	[0] = {
		["Torso"] = {["CFrame"] = CFrame.new(-0, -0.983, -1.121, 1, 0, -0, -0, -0.082, -0.997, -0, 0.997, -0.082)},
		["Head"] = {["CFrame"] = CFrame.new(0, 0, 0, 1, -0, 0, 0, 0.756, 0.654, -0, -0.654, 0.756)},
		["Left Arm"] = {["CFrame"] = CFrame.new(0.092, -0.422, -0.163, 0.937, 0.1, 0.335, -0.216, 0.919, 0.33, -0.275, -0.382, 0.882)},
		["Left Leg"] = {["CFrame"] = CFrame.new(0.082, 0.325, 0.026, 0.054, 0.994, 0.094, -0.99, 0.04, 0.139, 0.134, -0.1, 0.986)},
		["Right Arm"] = {["CFrame"] = CFrame.new(-0.092, -0.422, -0.163, 0.937, -0.1, -0.335, 0.216, 0.919, 0.33, 0.275, -0.382, 0.882)},
		["Right Leg"] = {["CFrame"] = CFrame.new(-0.082, 0.325, 0.026, 0.054, -0.994, -0.094, 0.99, 0.04, 0.139, -0.134, -0.1, 0.986)},
		["M6DLowerL"] = {["CFrame"] = CFrame.new(0, -0, 0, 1, -0, 0, 0, 1, 0, -0, 0, 1)},
		["M6DLowerR"] = {["CFrame"] = CFrame.new(0, 0, 0, 1, -0, 0, 0, 1, 0, -0, 0, 1)},
		["M6DUpperL"] = {["CFrame"] = CFrame.new(-0.189, 0.015, 0.153, 0.933, -0.238, -0.269, -0.02, 0.714, -0.7, 0.358, 0.658, 0.662)},
		["M6DUpperR"] = {["CFrame"] = CFrame.new(0.189, 0.015, 0.153, 0.933, 0.238, 0.269, 0.02, 0.714, -0.7, -0.358, 0.658, 0.662)},
	},
	[0.017] = {
		["Torso"] = {["CFrame"] = CFrame.new(0, -0.983, -1.12, 1, 0, -0, -0, -0.082, -0.997, -0, 0.997, -0.082)},
		["Head"] = {["CFrame"] = CFrame.new(0, 0, 0, 1, -0, 0, 0, 0.767, 0.642, -0, -0.642, 0.767)},
		["Left Arm"] = {["CFrame"] = CFrame.new(0.092, -0.422, -0.163, 0.937, 0.099, 0.335, -0.215, 0.919, 0.33, -0.275, -0.382, 0.882)},
		["Left Leg"] = {["CFrame"] = CFrame.new(0.081, 0.324, 0.026, 0.053, 0.994, 0.094, -0.99, 0.04, 0.139, 0.134, -0.1, 0.986)},
		["Right Arm"] = {["CFrame"] = CFrame.new(-0.092, -0.422, -0.163, 0.937, -0.099, -0.335, 0.215, 0.919, 0.33, 0.275, -0.382, 0.882)},
		["Right Leg"] = {["CFrame"] = CFrame.new(-0.081, 0.324, 0.026, 0.053, -0.994, -0.094, 0.99, 0.04, 0.139, -0.134, -0.1, 0.986)},
		["M6DLowerL"] = {["CFrame"] = CFrame.new(0, -0, -0, 1, -0, 0, 0, 1, -0.002, -0, 0.002, 1)},
		["M6DLowerR"] = {["CFrame"] = CFrame.new(0, -0, -0, 1, -0, 0, 0, 1, -0.002, -0, 0.002, 1)},
		["M6DUpperL"] = {["CFrame"] = CFrame.new(-0.189, 0.015, 0.153, 0.933, -0.238, -0.269, -0.01, 0.731, -0.682, 0.359, 0.639, 0.68)},
		["M6DUpperR"] = {["CFrame"] = CFrame.new(0.189, 0.015, 0.153, 0.933, 0.238, 0.269, 0.01, 0.733, -0.681, -0.359, 0.638, 0.681)},
	},
	[0.033] = {
		["Torso"] = {["CFrame"] = CFrame.new(0, -0.983, -1.118, 1, 0, -0, -0, -0.081, -0.997, -0, 0.997, -0.081)},
		["Head"] = {["CFrame"] = CFrame.new(0, -0, 0, 1, -0, 0, 0, 0.777, 0.63, -0, -0.63, 0.777)},
		["Left Arm"] = {["CFrame"] = CFrame.new(0.092, -0.422, -0.163, 0.938, 0.096, 0.334, -0.212, 0.92, 0.331, -0.275, -0.381, 0.883)},
		["Left Leg"] = {["CFrame"] = CFrame.new(0.08, 0.32, 0.026, 0.052, 0.994, 0.094, -0.99, 0.039, 0.139, 0.134, -0.1, 0.986)},
		["Right Arm"] = {["CFrame"] = CFrame.new(-0.092, -0.422, -0.163, 0.938, -0.096, -0.334, 0.212, 0.92, 0.331, 0.275, -0.381, 0.883)},
		["Right Leg"] = {["CFrame"] = CFrame.new(-0.08, 0.32, 0.026, 0.052, -0.994, -0.094, 0.99, 0.039, 0.139, -0.134, -0.1, 0.986)},
		["M6DLowerL"] = {["CFrame"] = CFrame.new(0, -0, -0, 1, -0, 0, 0, 1, -0.009, -0, 0.009, 1)},
		["M6DLowerR"] = {["CFrame"] = CFrame.new(0, 0, -0, 1, -0, 0, 0, 1, -0.009, -0, 0.009, 1)},
		["M6DUpperL"] = {["CFrame"] = CFrame.new(-0.189, 0.015, 0.153, 0.933, -0.238, -0.269, -0.001, 0.747, -0.665, 0.359, 0.621, 0.696)},
		["M6DUpperR"] = {["CFrame"] = CFrame.new(0.189, 0.015, 0.153, 0.933, 0.238, 0.27, 0.001, 0.749, -0.663, -0.36, 0.619, 0.699)},
	},
	[0.05] = {
		["Torso"] = {["CFrame"] = CFrame.new(0, -0.983, -1.114, 1, 0, -0, -0, -0.08, -0.997, -0, 0.997, -0.08)},
		["Head"] = {["CFrame"] = CFrame.new(0, 0, 0, 1, -0, 0, 0, 0.788, 0.616, -0, -0.616, 0.788)},
		["Left Arm"] = {["CFrame"] = CFrame.new(0.092, -0.422, -0.163, 0.939, 0.09, 0.332, -0.206, 0.92, 0.332, -0.275, -0.38, 0.883)},
		["Left Leg"] = {["CFrame"] = CFrame.new(0.077, 0.316, 0.027, 0.051, 0.994, 0.093, -0.99, 0.037, 0.139, 0.135, -0.1, 0.986)},
		["Right Arm"] = {["CFrame"] = CFrame.new(-0.092, -0.422, -0.163, 0.939, -0.09, -0.332, 0.206, 0.92, 0.332, 0.275, -0.38, 0.883)},
		["Right Leg"] = {["CFrame"] = CFrame.new(-0.077, 0.316, 0.027, 0.051, -0.994, -0.093, 0.99, 0.037, 0.139, -0.135, -0.1, 0.986)},
		["M6DLowerL"] = {["CFrame"] = CFrame.new(0, -0, -0, 1, -0, 0, 0, 1, -0.019, -0, 0.019, 1)},
		["M6DLowerR"] = {["CFrame"] = CFrame.new(0, -0, -0, 1, -0, 0, 0, 1, -0.019, -0, 0.019, 1)},
		["M6DUpperL"] = {["CFrame"] = CFrame.new(-0.189, 0.015, 0.153, 0.933, -0.238, -0.269, 0.007, 0.76, -0.65, 0.359, 0.605, 0.711)},
		["M6DUpperR"] = {["CFrame"] = CFrame.new(0.189, 0.015, 0.153, 0.933, 0.238, 0.27, -0.007, 0.763, -0.646, -0.36, 0.601, 0.714)},
	},
	[0.067] = {
		["Torso"] = {["CFrame"] = CFrame.new(0, -0.984, -1.11, 1, 0, -0, -0, -0.078, -0.997, -0, 0.997, -0.078)},
		["Head"] = {["CFrame"] = CFrame.new(0, 0, 0, 1, -0, 0, 0, 0.799, 0.602, -0, -0.602, 0.799)},
		["Left Arm"] = {["CFrame"] = CFrame.new(0.092, -0.422, -0.163, 0.941, 0.083, 0.329, -0.198, 0.922, 0.334, -0.276, -0.379, 0.883)},
		["Left Leg"] = {["CFrame"] = CFrame.new(0.074, 0.309, 0.028, 0.049, 0.994, 0.093, -0.99, 0.036, 0.139, 0.135, -0.099, 0.986)},
		["Right Arm"] = {["CFrame"] = CFrame.new(-0.092, -0.422, -0.163, 0.941, -0.083, -0.329, 0.198, 0.922, 0.334, 0.276, -0.379, 0.883)},
		["Right Leg"] = {["CFrame"] = CFrame.new(-0.074, 0.309, 0.028, 0.049, -0.994, -0.093, 0.99, 0.036, 0.139, -0.135, -0.099, 0.986)},
		["M6DLowerL"] = {["CFrame"] = CFrame.new(0, 0, 0, 1, -0, 0, 0, 0.999, -0.032, -0, 0.032, 0.999)},
		["M6DLowerR"] = {["CFrame"] = CFrame.new(0, 0, -0, 1, -0, 0, 0, 0.999, -0.032, -0, 0.032, 0.999)},
		["M6DUpperL"] = {["CFrame"] = CFrame.new(-0.189, 0.015, 0.153, 0.933, -0.238, -0.269, 0.014, 0.772, -0.635, 0.359, 0.589, 0.724)},
		["M6DUpperR"] = {["CFrame"] = CFrame.new(0.189, 0.015, 0.153, 0.933, 0.238, 0.27, -0.015, 0.775, -0.631, -0.36, 0.585, 0.727)},
	},
	[0.083] = {
		["Torso"] = {["CFrame"] = CFrame.new(0, -0.984, -1.103, 1, 0, -0, -0, -0.076, -0.997, -0, 0.997, -0.076)},
		["Head"] = {["CFrame"] = CFrame.new(0, 0, 0, 1, -0, 0, 0, 0.809, 0.587, -0, -0.587, 0.809)},
		["Left Arm"] = {["CFrame"] = CFrame.new(0.092, -0.423, -0.163, 0.943, 0.074, 0.326, -0.188, 0.923, 0.336, -0.276, -0.378, 0.884)},
		["Left Leg"] = {["CFrame"] = CFrame.new(0.069, 0.302, 0.029, 0.048, 0.995, 0.093, -0.99, 0.035, 0.139, 0.135, -0.098, 0.986)},
		["Right Arm"] = {["CFrame"] = CFrame.new(-0.092, -0.423, -0.163, 0.943, -0.074, -0.326, 0.188, 0.923, 0.336, 0.276, -0.378, 0.884)},
		["Right Leg"] = {["CFrame"] = CFrame.new(-0.069, 0.302, 0.029, 0.048, -0.995, -0.093, 0.99, 0.035, 0.139, -0.135, -0.098, 0.986)},
		["M6DLowerL"] = {["CFrame"] = CFrame.new(0, -0, -0, 1, -0, 0, 0, 0.999, -0.047, -0, 0.047, 0.999)},
		["M6DLowerR"] = {["CFrame"] = CFrame.new(0, -0, -0, 1, -0, 0, 0, 0.999, -0.047, -0, 0.047, 0.999)},
		["M6DUpperL"] = {["CFrame"] = CFrame.new(-0.189, 0.015, 0.153, 0.933, -0.238, -0.269, 0.02, 0.783, -0.622, 0.359, 0.575, 0.735)},
		["M6DUpperR"] = {["CFrame"] = CFrame.new(0.189, 0.015, 0.153, 0.933, 0.238, 0.271, -0.021, 0.786, -0.618, -0.36, 0.57, 0.738)},
	},
	[0.1] = {
		["Torso"] = {["CFrame"] = CFrame.new(0, -0.985, -1.096, 1, 0, -0, -0, -0.073, -0.997, -0, 0.997, -0.073)},
		["Head"] = {["CFrame"] = CFrame.new(0, 0, 0, 1, -0, 0, 0, 0.82, 0.572, -0, -0.572, 0.82)},
		["Left Arm"] = {["CFrame"] = CFrame.new(0.092, -0.424, -0.163, 0.945, 0.063, 0.322, -0.177, 0.924, 0.338, -0.276, -0.376, 0.884)},
		["Left Leg"] = {["CFrame"] = CFrame.new(0.064, 0.294, 0.031, 0.047, 0.995, 0.092, -0.99, 0.034, 0.139, 0.136, -0.098, 0.986)},
		["Right Arm"] = {["CFrame"] = CFrame.new(-0.092, -0.424, -0.163, 0.945, -0.063, -0.322, 0.177, 0.924, 0.338, 0.276, -0.376, 0.884)},
		["Right Leg"] = {["CFrame"] = CFrame.new(-0.064, 0.294, 0.031, 0.047, -0.995, -0.092, 0.99, 0.034, 0.139, -0.136, -0.098, 0.986)},
		["M6DLowerL"] = {["CFrame"] = CFrame.new(0, -0, -0, 1, -0, 0, 0, 0.998, -0.064, -0, 0.064, 0.998)},
		["M6DLowerR"] = {["CFrame"] = CFrame.new(0, 0, -0, 1, -0, 0, 0, 0.998, -0.064, -0, 0.064, 0.998)},
		["M6DUpperL"] = {["CFrame"] = CFrame.new(-0.189, 0.015, 0.153, 0.933, -0.238, -0.269, 0.026, 0.792, -0.61, 0.359, 0.562, 0.745)},
		["M6DUpperR"] = {["CFrame"] = CFrame.new(0.189, 0.015, 0.153, 0.933, 0.238, 0.271, -0.027, 0.795, -0.606, -0.359, 0.558, 0.748)},
	},
	[0.117] = {
		["Torso"] = {["CFrame"] = CFrame.new(0, -0.987, -1.088, 1, 0, -0, -0, -0.069, -0.998, -0, 0.998, -0.069)},
		["Head"] = {["CFrame"] = CFrame.new(0, 0, -0, 1, -0, 0, 0, 0.83, 0.557, -0, -0.557, 0.83)},
		["Left Arm"] = {["CFrame"] = CFrame.new(0.093, -0.425, -0.163, 0.947, 0.052, 0.317, -0.165, 0.926, 0.34, -0.276, -0.375, 0.885)},
		["Left Leg"] = {["CFrame"] = CFrame.new(0.059, 0.285, 0.032, 0.047, 0.995, 0.091, -0.99, 0.033, 0.14, 0.136, -0.097, 0.986)},
		["Right Arm"] = {["CFrame"] = CFrame.new(-0.093, -0.425, -0.163, 0.947, -0.052, -0.317, 0.165, 0.926, 0.34, 0.276, -0.375, 0.885)},
		["Right Leg"] = {["CFrame"] = CFrame.new(-0.059, 0.285, 0.032, 0.047, -0.995, -0.091, 0.99, 0.033, 0.14, -0.136, -0.097, 0.986)},
		["M6DLowerL"] = {["CFrame"] = CFrame.new(0, 0, -0, 1, -0, 0, 0, 0.997, -0.081, -0, 0.081, 0.997)},
		["M6DLowerR"] = {["CFrame"] = CFrame.new(0, 0, -0, 1, -0, 0, 0, 0.997, -0.081, -0, 0.081, 0.997)},
		["M6DUpperL"] = {["CFrame"] = CFrame.new(-0.189, 0.015, 0.153, 0.933, -0.238, -0.269, 0.032, 0.8, -0.599, 0.358, 0.55, 0.754)},
		["M6DUpperR"] = {["CFrame"] = CFrame.new(0.189, 0.015, 0.153, 0.933, 0.238, 0.271, -0.032, 0.803, -0.595, -0.359, 0.546, 0.757)},
	},
	[0.133] = {
		["Torso"] = {["CFrame"] = CFrame.new(0, -0.989, -1.078, 1, 0, -0, -0, -0.065, -0.998, -0, 0.998, -0.065)},
		["Head"] = {["CFrame"] = CFrame.new(0, 0, -0, 1, -0, 0, 0, 0.84, 0.542, -0, -0.542, 0.84)},
		["Left Arm"] = {["CFrame"] = CFrame.new(0.093, -0.427, -0.163, 0.949, 0.038, 0.313, -0.151, 0.927, 0.343, -0.277, -0.373, 0.886)},
		["Left Leg"] = {["CFrame"] = CFrame.new(0.053, 0.276, 0.033, 0.047, 0.995, 0.091, -0.99, 0.034, 0.14, 0.136, -0.096, 0.986)},
		["Right Arm"] = {["CFrame"] = CFrame.new(-0.093, -0.427, -0.163, 0.949, -0.038, -0.313, 0.151, 0.927, 0.343, 0.277, -0.373, 0.886)},
		["Right Leg"] = {["CFrame"] = CFrame.new(-0.053, 0.276, 0.033, 0.047, -0.995, -0.091, 0.99, 0.034, 0.14, -0.136, -0.096, 0.986)},
		["M6DLowerL"] = {["CFrame"] = CFrame.new(0, 0, -0, 1, -0, 0, 0, 0.995, -0.098, -0, 0.098, 0.995)},
		["M6DLowerR"] = {["CFrame"] = CFrame.new(0, 0, -0, 1, -0, 0, 0, 0.995, -0.098, -0, 0.098, 0.995)},
		["M6DUpperL"] = {["CFrame"] = CFrame.new(-0.189, 0.015, 0.153, 0.933, -0.238, -0.269, 0.036, 0.807, -0.589, 0.358, 0.54, 0.762)},
		["M6DUpperR"] = {["CFrame"] = CFrame.new(0.189, 0.015, 0.153, 0.933, 0.238, 0.271, -0.037, 0.81, -0.586, -0.359, 0.536, 0.764)},
	},
	[0.15] = {
		["Torso"] = {["CFrame"] = CFrame.new(0, -0.992, -1.068, 1, 0, -0, -0, -0.06, -0.998, -0, 0.998, -0.06)},
		["Head"] = {["CFrame"] = CFrame.new(0, 0, 0, 1, -0, 0, 0, 0.85, 0.527, -0, -0.527, 0.85)},
		["Left Arm"] = {["CFrame"] = CFrame.new(0.093, -0.429, -0.163, 0.951, 0.024, 0.307, -0.135, 0.928, 0.346, -0.277, -0.371, 0.887)},
		["Left Leg"] = {["CFrame"] = CFrame.new(0.046, 0.268, 0.035, 0.049, 0.995, 0.09, -0.989, 0.036, 0.141, 0.137, -0.096, 0.986)},
		["Right Arm"] = {["CFrame"] = CFrame.new(-0.093, -0.429, -0.163, 0.951, -0.024, -0.307, 0.135, 0.928, 0.346, 0.277, -0.371, 0.887)},
		["Right Leg"] = {["CFrame"] = CFrame.new(-0.046, 0.268, 0.035, 0.049, -0.995, -0.09, 0.989, 0.036, 0.141, -0.137, -0.096, 0.986)},
		["M6DLowerL"] = {["CFrame"] = CFrame.new(0, -0, -0, 1, -0, 0, 0, 0.993, -0.115, -0, 0.115, 0.993)},
		["M6DLowerR"] = {["CFrame"] = CFrame.new(0, -0, -0, 1, -0, 0, 0, 0.993, -0.115, -0, 0.115, 0.993)},
		["M6DUpperL"] = {["CFrame"] = CFrame.new(-0.189, 0.015, 0.153, 0.933, -0.238, -0.269, 0.04, 0.813, -0.581, 0.357, 0.531, 0.768)},
		["M6DUpperR"] = {["CFrame"] = CFrame.new(0.189, 0.015, 0.153, 0.933, 0.238, 0.271, -0.041, 0.815, -0.577, -0.358, 0.528, 0.77)},
	},
	[0.167] = {
		["Torso"] = {["CFrame"] = CFrame.new(0, -0.995, -1.056, 1, 0, -0, -0, -0.053, -0.999, -0, 0.999, -0.053)},
		["Head"] = {["CFrame"] = CFrame.new(0, -0, 0, 1, -0, 0, 0, 0.859, 0.512, -0, -0.512, 0.859)},
		["Left Arm"] = {["CFrame"] = CFrame.new(0.094, -0.431, -0.163, 0.953, 0.009, 0.302, -0.119, 0.93, 0.349, -0.277, -0.369, 0.887)},
		["Left Leg"] = {["CFrame"] = CFrame.new(0.04, 0.261, 0.036, 0.053, 0.995, 0.089, -0.989, 0.04, 0.141, 0.137, -0.095, 0.986)},
		["Right Arm"] = {["CFrame"] = CFrame.new(-0.094, -0.431, -0.163, 0.953, -0.009, -0.302, 0.119, 0.93, 0.349, 0.277, -0.369, 0.887)},
		["Right Leg"] = {["CFrame"] = CFrame.new(-0.04, 0.261, 0.036, 0.053, -0.995, -0.089, 0.989, 0.04, 0.141, -0.137, -0.095, 0.986)},
		["M6DLowerL"] = {["CFrame"] = CFrame.new(0, -0, -0, 1, -0, 0, 0, 0.992, -0.13, -0, 0.13, 0.992)},
		["M6DLowerR"] = {["CFrame"] = CFrame.new(0, -0, -0, 1, -0, 0, 0, 0.992, -0.13, -0, 0.13, 0.992)},
		["M6DUpperL"] = {["CFrame"] = CFrame.new(-0.189, 0.015, 0.153, 0.933, -0.238, -0.269, 0.044, 0.818, -0.573, 0.357, 0.523, 0.774)},
		["M6DUpperR"] = {["CFrame"] = CFrame.new(0.189, 0.015, 0.153, 0.933, 0.238, 0.27, -0.044, 0.82, -0.57, -0.358, 0.52, 0.776)},
	},
	[0.183] = {
		["Torso"] = {["CFrame"] = CFrame.new(0, -0.999, -1.044, 1, 0, -0, -0, -0.046, -0.999, -0, 0.999, -0.046)},
		["Head"] = {["CFrame"] = CFrame.new(0, 0, 0, 1, -0, 0, 0, 0.867, 0.498, -0, -0.498, 0.867)},
		["Left Arm"] = {["CFrame"] = CFrame.new(0.094, -0.434, -0.163, 0.955, -0.006, 0.296, -0.103, 0.93, 0.352, -0.277, -0.366, 0.888)},
		["Left Leg"] = {["CFrame"] = CFrame.new(0.033, 0.255, 0.037, 0.059, 0.994, 0.087, -0.989, 0.046, 0.142, 0.137, -0.095, 0.986)},
		["Right Arm"] = {["CFrame"] = CFrame.new(-0.094, -0.434, -0.163, 0.955, 0.006, -0.296, 0.103, 0.93, 0.352, 0.277, -0.366, 0.888)},
		["Right Leg"] = {["CFrame"] = CFrame.new(-0.033, 0.255, 0.037, 0.059, -0.994, -0.087, 0.989, 0.046, 0.142, -0.137, -0.095, 0.986)},
		["M6DLowerL"] = {["CFrame"] = CFrame.new(0, -0, 0, 1, -0, 0, 0, 0.99, -0.142, -0, 0.142, 0.99)},
		["M6DLowerR"] = {["CFrame"] = CFrame.new(0, 0, -0, 1, -0, 0, 0, 0.99, -0.142, -0, 0.142, 0.99)},
		["M6DUpperL"] = {["CFrame"] = CFrame.new(-0.189, 0.015, 0.153, 0.933, -0.238, -0.269, 0.047, 0.823, -0.566, 0.356, 0.516, 0.779)},
		["M6DUpperR"] = {["CFrame"] = CFrame.new(0.189, 0.015, 0.153, 0.933, 0.238, 0.27, -0.047, 0.824, -0.565, -0.357, 0.514, 0.78)},
	},
	[0.2] = {
		["Torso"] = {["CFrame"] = CFrame.new(0, -1.004, -1.032, 1, 0, -0, -0, -0.038, -0.999, -0, 0.999, -0.038)},
		["Head"] = {["CFrame"] = CFrame.new(0, 0, 0, 1, -0, 0, 0, 0.875, 0.484, -0, -0.484, 0.875)},
		["Left Arm"] = {["CFrame"] = CFrame.new(0.095, -0.438, -0.163, 0.957, -0.023, 0.289, -0.085, 0.931, 0.355, -0.277, -0.364, 0.889)},
		["Left Leg"] = {["CFrame"] = CFrame.new(0.026, 0.252, 0.037, 0.067, 0.994, 0.086, -0.988, 0.054, 0.143, 0.137, -0.094, 0.986)},
		["Right Arm"] = {["CFrame"] = CFrame.new(-0.095, -0.438, -0.163, 0.957, 0.023, -0.289, 0.085, 0.931, 0.355, 0.277, -0.364, 0.889)},
		["Right Leg"] = {["CFrame"] = CFrame.new(-0.026, 0.252, 0.037, 0.067, -0.994, -0.086, 0.988, 0.054, 0.143, -0.137, -0.094, 0.986)},
		["M6DLowerL"] = {["CFrame"] = CFrame.new(0, -0, -0, 1, -0, 0, 0, 0.988, -0.152, -0, 0.152, 0.988)},
		["M6DLowerR"] = {["CFrame"] = CFrame.new(0, -0, -0, 1, -0, 0, 0, 0.988, -0.152, -0, 0.152, 0.988)},
		["M6DUpperL"] = {["CFrame"] = CFrame.new(-0.189, 0.015, 0.153, 0.933, -0.238, -0.269, 0.049, 0.826, -0.561, 0.356, 0.51, 0.783)},
		["M6DUpperR"] = {["CFrame"] = CFrame.new(0.189, 0.015, 0.153, 0.933, 0.238, 0.27, -0.049, 0.827, -0.56, -0.357, 0.509, 0.783)},
	},
	[0.217] = {
		["Torso"] = {["CFrame"] = CFrame.new(0, -1.01, -1.018, 1, 0, -0, -0, -0.029, -1, -0, 1, -0.029)},
		["Head"] = {["CFrame"] = CFrame.new(0, 0, 0, 1, -0, 0, 0, 0.882, 0.472, -0, -0.472, 0.882)},
		["Left Arm"] = {["CFrame"] = CFrame.new(0.096, -0.443, -0.163, 0.958, -0.039, 0.283, -0.068, 0.931, 0.358, -0.278, -0.362, 0.89)},
		["Left Leg"] = {["CFrame"] = CFrame.new(0.019, 0.252, 0.037, 0.079, 0.993, 0.084, -0.987, 0.066, 0.144, 0.137, -0.094, 0.986)},
		["Right Arm"] = {["CFrame"] = CFrame.new(-0.096, -0.443, -0.163, 0.958, 0.039, -0.283, 0.068, 0.931, 0.358, 0.278, -0.362, 0.89)},
		["Right Leg"] = {["CFrame"] = CFrame.new(-0.019, 0.252, 0.037, 0.079, -0.993, -0.084, 0.987, 0.066, 0.144, -0.137, -0.094, 0.986)},
		["M6DLowerL"] = {["CFrame"] = CFrame.new(0, 0, -0, 1, -0, 0, 0, 0.987, -0.159, -0, 0.159, 0.987)},
		["M6DLowerR"] = {["CFrame"] = CFrame.new(0, 0, -0, 1, -0, 0, 0, 0.987, -0.159, -0, 0.159, 0.987)},
		["M6DUpperL"] = {["CFrame"] = CFrame.new(-0.189, 0.015, 0.153, 0.933, -0.238, -0.269, 0.051, 0.829, -0.556, 0.355, 0.506, 0.786)},
		["M6DUpperR"] = {["CFrame"] = CFrame.new(0.189, 0.015, 0.153, 0.933, 0.238, 0.27, -0.051, 0.83, -0.556, -0.356, 0.505, 0.786)},
	},
	[0.233] = {
		["Torso"] = {["CFrame"] = CFrame.new(0, -1.016, -1.004, 1, 0, -0, -0, -0.018, -1, -0, 1, -0.018)},
		["Head"] = {["CFrame"] = CFrame.new(0, 0, 0, 1, -0, 0, 0, 0.888, 0.46, -0, -0.46, 0.888)},
		["Left Arm"] = {["CFrame"] = CFrame.new(0.097, -0.448, -0.163, 0.959, -0.056, 0.277, -0.05, 0.931, 0.361, -0.278, -0.36, 0.891)},
		["Left Leg"] = {["CFrame"] = CFrame.new(0.011, 0.255, 0.037, 0.093, 0.992, 0.082, -0.986, 0.081, 0.144, 0.137, -0.095, 0.986)},
		["Right Arm"] = {["CFrame"] = CFrame.new(-0.097, -0.448, -0.163, 0.959, 0.056, -0.277, 0.05, 0.931, 0.361, 0.278, -0.36, 0.891)},
		["Right Leg"] = {["CFrame"] = CFrame.new(-0.011, 0.255, 0.037, 0.093, -0.992, -0.082, 0.986, 0.081, 0.144, -0.137, -0.095, 0.986)},
		["M6DLowerL"] = {["CFrame"] = CFrame.new(0, 0, 0, 1, -0, 0, 0, 0.987, -0.161, -0, 0.161, 0.987)},
		["M6DLowerR"] = {["CFrame"] = CFrame.new(0, 0, -0, 1, -0, 0, 0, 0.987, -0.161, -0, 0.161, 0.987)},
		["M6DUpperL"] = {["CFrame"] = CFrame.new(-0.189, 0.015, 0.153, 0.933, -0.238, -0.269, 0.053, 0.832, -0.553, 0.355, 0.502, 0.789)},
		["M6DUpperR"] = {["CFrame"] = CFrame.new(0.189, 0.015, 0.153, 0.933, 0.238, 0.27, -0.052, 0.832, -0.553, -0.356, 0.502, 0.788)},
	},
	[0.25] = {
		["Torso"] = {["CFrame"] = CFrame.new(0, -1.024, -0.99, 1, 0, -0, -0, -0.007, -1, -0, 1, -0.007)},
		["Head"] = {["CFrame"] = CFrame.new(0, 0, -0, 1, -0, 0, 0, 0.893, 0.45, -0, -0.45, 0.893)},
		["Left Arm"] = {["CFrame"] = CFrame.new(0.098, -0.454, -0.163, 0.96, -0.072, 0.27, -0.032, 0.931, 0.364, -0.278, -0.358, 0.892)},
		["Left Leg"] = {["CFrame"] = CFrame.new(0.004, 0.262, 0.036, 0.112, 0.99, 0.08, -0.984, 0.1, 0.145, 0.136, -0.095, 0.986)},
		["Right Arm"] = {["CFrame"] = CFrame.new(-0.098, -0.454, -0.163, 0.96, 0.072, -0.27, 0.032, 0.931, 0.364, 0.278, -0.358, 0.892)},
		["Right Leg"] = {["CFrame"] = CFrame.new(-0.004, 0.262, 0.036, 0.112, -0.99, -0.08, 0.984, 0.1, 0.145, -0.136, -0.095, 0.986)},
		["M6DLowerL"] = {["CFrame"] = CFrame.new(0, 0.005, 0.002, 1, -0.003, 0, 0.003, 0.989, -0.149, 0, 0.149, 0.989)},
		["M6DLowerR"] = {["CFrame"] = CFrame.new(0, 0.005, 0.002, 1, 0.003, -0, -0.003, 0.989, -0.149, -0, 0.149, 0.989)},
		["M6DUpperL"] = {["CFrame"] = CFrame.new(-0.189, 0.015, 0.153, 0.933, -0.238, -0.269, 0.054, 0.833, -0.55, 0.355, 0.499, 0.791)},
		["M6DUpperR"] = {["CFrame"] = CFrame.new(0.189, 0.015, 0.153, 0.933, 0.238, 0.27, -0.053, 0.833, -0.551, -0.355, 0.5, 0.79)},
	},
	[0.267] = {
		["Torso"] = {["CFrame"] = CFrame.new(0, -1.033, -0.975, 1, 0, -0, -0, 0.006, -1, -0, 1, 0.006)},
		["Head"] = {["CFrame"] = CFrame.new(0, 0, 0, 1, -0, 0, 0, 0.898, 0.441, -0, -0.441, 0.898)},
		["Left Arm"] = {["CFrame"] = CFrame.new(0.099, -0.461, -0.163, 0.961, -0.089, 0.264, -0.015, 0.93, 0.366, -0.278, -0.356, 0.892)},
		["Left Leg"] = {["CFrame"] = CFrame.new(-0.004, 0.272, 0.035, 0.134, 0.988, 0.078, -0.982, 0.122, 0.146, 0.135, -0.096, 0.986)},
		["Right Arm"] = {["CFrame"] = CFrame.new(-0.099, -0.461, -0.163, 0.961, 0.089, -0.264, 0.015, 0.93, 0.366, 0.278, -0.356, 0.892)},
		["Right Leg"] = {["CFrame"] = CFrame.new(0.004, 0.272, 0.035, 0.134, -0.988, -0.078, 0.982, 0.122, 0.146, -0.135, -0.096, 0.986)},
		["M6DLowerL"] = {["CFrame"] = CFrame.new(0, 0.017, 0.008, 1, -0.01, 0.001, 0.01, 0.993, -0.116, 0.001, 0.116, 0.993)},
		["M6DLowerR"] = {["CFrame"] = CFrame.new(0, 0.017, 0.008, 1, 0.01, -0.001, -0.01, 0.993, -0.116, -0, 0.116, 0.993)},
		["M6DUpperL"] = {["CFrame"] = CFrame.new(-0.189, 0.015, 0.153, 0.933, -0.238, -0.269, 0.054, 0.834, -0.548, 0.355, 0.497, 0.792)},
		["M6DUpperR"] = {["CFrame"] = CFrame.new(0.189, 0.015, 0.153, 0.933, 0.238, 0.269, -0.054, 0.834, -0.549, -0.355, 0.498, 0.791)},
	},
	[0.283] = {
		["Torso"] = {["CFrame"] = CFrame.new(0, -1.043, -0.96, 1, 0, -0, -0, 0.02, -1, -0, 1, 0.02)},
		["Head"] = {["CFrame"] = CFrame.new(0, -0, -0, 1, -0, 0, 0, 0.901, 0.434, -0, -0.434, 0.901)},
		["Left Arm"] = {["CFrame"] = CFrame.new(0.101, -0.469, -0.163, 0.961, -0.105, 0.257, 0.002, 0.929, 0.369, -0.278, -0.354, 0.893)},
		["Left Leg"] = {["CFrame"] = CFrame.new(-0.013, 0.287, 0.033, 0.16, 0.984, 0.075, -0.978, 0.148, 0.147, 0.134, -0.097, 0.986)},
		["Right Arm"] = {["CFrame"] = CFrame.new(-0.101, -0.469, -0.163, 0.961, 0.105, -0.257, -0.002, 0.929, 0.369, 0.278, -0.354, 0.893)},
		["Right Leg"] = {["CFrame"] = CFrame.new(0.013, 0.287, 0.033, 0.16, -0.984, -0.075, 0.978, 0.148, 0.147, -0.134, -0.097, 0.986)},
		["M6DLowerL"] = {["CFrame"] = CFrame.new(0, 0.035, 0.016, 1, -0.02, 0.001, 0.02, 0.998, -0.067, 0.001, 0.067, 0.998)},
		["M6DLowerR"] = {["CFrame"] = CFrame.new(0, 0.035, 0.016, 1, 0.02, -0.001, -0.02, 0.998, -0.067, -0, 0.067, 0.998)},
		["M6DUpperL"] = {["CFrame"] = CFrame.new(-0.189, 0.015, 0.153, 0.933, -0.238, -0.269, 0.055, 0.835, -0.547, 0.355, 0.496, 0.793)},
		["M6DUpperR"] = {["CFrame"] = CFrame.new(0.189, 0.015, 0.153, 0.933, 0.238, 0.269, -0.054, 0.835, -0.548, -0.355, 0.497, 0.792)},
	},
	[0.3] = {
		["Torso"] = {["CFrame"] = CFrame.new(0, -1.054, -0.944, 1, 0, -0, -0, 0.035, -0.999, -0, 0.999, 0.035)},
		["Head"] = {["CFrame"] = CFrame.new(0, 0, 0, 1, -0, 0, 0, 0.904, 0.428, -0, -0.428, 0.904)},
		["Left Arm"] = {["CFrame"] = CFrame.new(0.103, -0.478, -0.163, 0.961, -0.12, 0.251, 0.019, 0.928, 0.371, -0.278, -0.352, 0.894)},
		["Left Leg"] = {["CFrame"] = CFrame.new(-0.023, 0.304, 0.03, 0.19, 0.979, 0.072, -0.973, 0.178, 0.149, 0.133, -0.098, 0.986)},
		["Right Arm"] = {["CFrame"] = CFrame.new(-0.103, -0.478, -0.163, 0.961, 0.12, -0.251, -0.019, 0.928, 0.371, 0.278, -0.352, 0.894)},
		["Right Leg"] = {["CFrame"] = CFrame.new(0.023, 0.304, 0.03, 0.19, -0.979, -0.072, 0.973, 0.178, 0.149, -0.133, -0.098, 0.986)},
		["M6DLowerL"] = {["CFrame"] = CFrame.new(0, 0.057, 0.026, 0.999, -0.033, 0, 0.033, 0.999, -0.006, 0, 0.006, 1)},
		["M6DLowerR"] = {["CFrame"] = CFrame.new(0, 0.057, 0.026, 0.999, 0.033, -0, -0.033, 0.999, -0.006, 0, 0.006, 1)},
		["M6DUpperL"] = {["CFrame"] = CFrame.new(-0.189, 0.015, 0.153, 0.933, -0.238, -0.269, 0.055, 0.835, -0.547, 0.354, 0.496, 0.793)},
		["M6DUpperR"] = {["CFrame"] = CFrame.new(0.189, 0.015, 0.153, 0.933, 0.238, 0.269, -0.055, 0.835, -0.547, -0.355, 0.496, 0.792)},
	},
	[0.317] = {
		["Torso"] = {["CFrame"] = CFrame.new(0, -1.066, -0.928, 1, 0, -0, -0, 0.052, -0.999, -0, 0.999, 0.052)},
		["Head"] = {["CFrame"] = CFrame.new(0, -0, 0, 1, -0, 0, 0, 0.905, 0.425, -0, -0.425, 0.905)},
		["Left Arm"] = {["CFrame"] = CFrame.new(0.104, -0.488, -0.163, 0.96, -0.135, 0.245, 0.035, 0.927, 0.374, -0.277, -0.35, 0.895)},
		["Left Leg"] = {["CFrame"] = CFrame.new(-0.034, 0.324, 0.027, 0.223, 0.972, 0.069, -0.966, 0.211, 0.15, 0.131, -0.1, 0.986)},
		["Right Arm"] = {["CFrame"] = CFrame.new(-0.104, -0.488, -0.163, 0.96, 0.135, -0.245, -0.035, 0.927, 0.374, 0.277, -0.35, 0.895)},
		["Right Leg"] = {["CFrame"] = CFrame.new(0.034, 0.324, 0.027, 0.223, -0.972, -0.069, 0.966, 0.211, 0.15, -0.131, -0.1, 0.986)},
		["M6DLowerL"] = {["CFrame"] = CFrame.new(0, 0.081, 0.037, 0.999, -0.047, -0.001, 0.047, 0.997, 0.06, -0.001, -0.06, 0.998)},
		["M6DLowerR"] = {["CFrame"] = CFrame.new(0, 0.081, 0.037, 0.999, 0.047, 0.001, -0.047, 0.997, 0.06, 0.002, -0.06, 0.998)},
		["M6DUpperL"] = {["CFrame"] = CFrame.new(-0.189, 0.014, 0.154, 0.933, -0.238, -0.269, 0.054, 0.835, -0.548, 0.355, 0.497, 0.792)},
		["M6DUpperR"] = {["CFrame"] = CFrame.new(0.189, 0.015, 0.153, 0.933, 0.238, 0.269, -0.055, 0.835, -0.547, -0.355, 0.496, 0.793)},
	},
	[0.333] = {
		["Torso"] = {["CFrame"] = CFrame.new(0, -1.08, -0.913, 1, 0, -0, -0, 0.071, -0.998, -0, 0.998, 0.071)},
		["Head"] = {["CFrame"] = CFrame.new(0, 0, 0, 1, -0, 0, 0, 0.906, 0.424, -0, -0.424, 0.906)},
		["Left Arm"] = {["CFrame"] = CFrame.new(0.106, -0.499, -0.163, 0.959, -0.148, 0.24, 0.049, 0.925, 0.376, -0.277, -0.349, 0.895)},
		["Left Leg"] = {["CFrame"] = CFrame.new(-0.047, 0.347, 0.024, 0.26, 0.963, 0.065, -0.957, 0.248, 0.151, 0.129, -0.101, 0.986)},
		["Right Arm"] = {["CFrame"] = CFrame.new(-0.106, -0.499, -0.163, 0.959, 0.148, -0.24, -0.049, 0.925, 0.376, 0.277, -0.349, 0.895)},
		["Right Leg"] = {["CFrame"] = CFrame.new(0.047, 0.347, 0.024, 0.26, -0.963, -0.065, 0.957, 0.248, 0.151, -0.129, -0.101, 0.986)},
		["M6DLowerL"] = {["CFrame"] = CFrame.new(0, 0.105, 0.048, 0.998, -0.061, -0.004, 0.061, 0.99, 0.125, -0.004, -0.125, 0.992)},
		["M6DLowerR"] = {["CFrame"] = CFrame.new(0, 0.105, 0.048, 0.998, 0.061, 0.003, -0.061, 0.99, 0.125, 0.004, -0.125, 0.992)},
		["M6DUpperL"] = {["CFrame"] = CFrame.new(-0.189, 0.011, 0.154, 0.933, -0.238, -0.269, 0.053, 0.832, -0.552, 0.355, 0.501, 0.789)},
		["M6DUpperR"] = {["CFrame"] = CFrame.new(0.189, 0.015, 0.153, 0.933, 0.238, 0.269, -0.055, 0.835, -0.547, -0.355, 0.496, 0.793)},
	},
	[0.35] = {
		["Torso"] = {["CFrame"] = CFrame.new(0, -1.099, -0.897, 1, 0, -0, -0, 0.09, -0.996, -0, 0.996, 0.09)},
		["Head"] = {["CFrame"] = CFrame.new(0, -0, 0, 1, -0, 0, 0, 0.905, 0.425, -0, -0.425, 0.905)},
		["Left Arm"] = {["CFrame"] = CFrame.new(0.109, -0.513, -0.163, 0.959, -0.161, 0.234, 0.063, 0.924, 0.378, -0.277, -0.348, 0.896)},
		["Left Leg"] = {["CFrame"] = CFrame.new(-0.062, 0.37, 0.02, 0.301, 0.952, 0.061, -0.945, 0.289, 0.152, 0.127, -0.103, 0.987)},
		["Right Arm"] = {["CFrame"] = CFrame.new(-0.109, -0.513, -0.163, 0.959, 0.161, -0.234, -0.063, 0.924, 0.378, 0.277, -0.348, 0.896)},
		["Right Leg"] = {["CFrame"] = CFrame.new(0.062, 0.37, 0.02, 0.301, -0.952, -0.061, 0.945, 0.289, 0.152, -0.127, -0.103, 0.987)},
		["M6DLowerL"] = {["CFrame"] = CFrame.new(0, 0.127, 0.058, 0.997, -0.073, -0.007, 0.073, 0.98, 0.185, -0.007, -0.185, 0.983)},
		["M6DLowerR"] = {["CFrame"] = CFrame.new(0, 0.127, 0.058, 0.997, 0.073, 0.006, -0.073, 0.98, 0.185, 0.008, -0.185, 0.983)},
		["M6DUpperL"] = {["CFrame"] = CFrame.new(-0.189, 0.007, 0.155, 0.933, -0.238, -0.269, 0.05, 0.828, -0.559, 0.355, 0.509, 0.784)},
		["M6DUpperR"] = {["CFrame"] = CFrame.new(0.189, 0.015, 0.153, 0.933, 0.238, 0.269, -0.055, 0.835, -0.547, -0.354, 0.496, 0.793)},
	},
	[0.367] = {
		["Torso"] = {["CFrame"] = CFrame.new(0, -1.125, -0.881, 1, 0, -0, -0, 0.111, -0.994, -0, 0.994, 0.111)},
		["Head"] = {["CFrame"] = CFrame.new(0, 0, 0, 1, -0, 0, 0, 0.904, 0.428, -0, -0.428, 0.904)},
		["Left Arm"] = {["CFrame"] = CFrame.new(0.112, -0.533, -0.163, 0.958, -0.172, 0.23, 0.075, 0.922, 0.38, -0.277, -0.347, 0.896)},
		["Left Leg"] = {["CFrame"] = CFrame.new(-0.079, 0.391, 0.017, 0.345, 0.937, 0.056, -0.93, 0.334, 0.153, 0.125, -0.105, 0.987)},
		["Right Arm"] = {["CFrame"] = CFrame.new(-0.112, -0.533, -0.163, 0.958, 0.172, -0.23, -0.075, 0.922, 0.38, 0.277, -0.347, 0.896)},
		["Right Leg"] = {["CFrame"] = CFrame.new(0.079, 0.391, 0.017, 0.345, -0.937, -0.056, 0.93, 0.334, 0.153, -0.125, -0.105, 0.987)},
		["M6DLowerL"] = {["CFrame"] = CFrame.new(0, 0.146, 0.066, 0.996, -0.083, -0.01, 0.083, 0.969, 0.233, -0.01, -0.233, 0.972)},
		["M6DLowerR"] = {["CFrame"] = CFrame.new(0, 0.146, 0.066, 0.996, 0.083, 0.009, -0.083, 0.969, 0.233, 0.011, -0.233, 0.972)},
		["M6DUpperL"] = {["CFrame"] = CFrame.new(-0.189, 0.001, 0.156, 0.933, -0.237, -0.269, 0.045, 0.821, -0.569, 0.356, 0.519, 0.778)},
		["M6DUpperR"] = {["CFrame"] = CFrame.new(0.189, 0.014, 0.154, 0.933, 0.238, 0.269, -0.054, 0.835, -0.548, -0.355, 0.497, 0.792)},
	},
	[0.383] = {
		["Torso"] = {["CFrame"] = CFrame.new(0, -1.158, -0.867, 1, 0, -0, -0, 0.131, -0.991, -0, 0.991, 0.131)},
		["Head"] = {["CFrame"] = CFrame.new(0, 0, 0, 1, -0, 0, 0, 0.901, 0.434, -0, -0.434, 0.901)},
		["Left Arm"] = {["CFrame"] = CFrame.new(0.115, -0.557, -0.163, 0.957, -0.183, 0.225, 0.086, 0.92, 0.382, -0.277, -0.347, 0.896)},
		["Left Leg"] = {["CFrame"] = CFrame.new(-0.1, 0.408, 0.015, 0.39, 0.919, 0.05, -0.912, 0.379, 0.154, 0.122, -0.106, 0.987)},
		["Right Arm"] = {["CFrame"] = CFrame.new(-0.115, -0.557, -0.163, 0.957, 0.183, -0.225, -0.086, 0.92, 0.382, 0.277, -0.347, 0.896)},
		["Right Leg"] = {["CFrame"] = CFrame.new(0.1, 0.408, 0.015, 0.391, -0.919, -0.05, 0.912, 0.379, 0.154, -0.122, -0.106, 0.987)},
		["M6DLowerL"] = {["CFrame"] = CFrame.new(0, 0.158, 0.072, 0.996, -0.09, -0.012, 0.09, 0.96, 0.266, -0.012, -0.266, 0.964)},
		["M6DLowerR"] = {["CFrame"] = CFrame.new(0, 0.158, 0.072, 0.996, 0.09, 0.011, -0.09, 0.96, 0.266, 0.013, -0.266, 0.964)},
		["M6DUpperL"] = {["CFrame"] = CFrame.new(-0.189, -0.006, 0.157, 0.934, -0.237, -0.269, 0.04, 0.813, -0.581, 0.356, 0.532, 0.768)},
		["M6DUpperR"] = {["CFrame"] = CFrame.new(0.189, 0.011, 0.154, 0.933, 0.238, 0.269, -0.053, 0.832, -0.552, -0.355, 0.501, 0.789)},
	},
	[0.4] = {
		["Torso"] = {["CFrame"] = CFrame.new(0, -1.193, -0.853, 1, 0, -0, -0, 0.151, -0.989, -0, 0.989, 0.151)},
		["Head"] = {["CFrame"] = CFrame.new(0, -0, 0, 1, -0, 0, 0, 0.897, 0.441, -0, -0.441, 0.897)},
		["Left Arm"] = {["CFrame"] = CFrame.new(0.118, -0.583, -0.163, 0.956, -0.192, 0.222, 0.095, 0.918, 0.384, -0.277, -0.346, 0.896)},
		["Left Leg"] = {["CFrame"] = CFrame.new(-0.121, 0.42, 0.013, 0.434, 0.9, 0.044, -0.893, 0.423, 0.154, 0.12, -0.107, 0.987)},
		["Right Arm"] = {["CFrame"] = CFrame.new(-0.118, -0.583, -0.163, 0.956, 0.192, -0.222, -0.095, 0.918, 0.384, 0.277, -0.346, 0.896)},
		["Right Leg"] = {["CFrame"] = CFrame.new(0.121, 0.42, 0.013, 0.434, -0.9, -0.044, 0.893, 0.423, 0.154, -0.12, -0.107, 0.987)},
		["M6DLowerL"] = {["CFrame"] = CFrame.new(0, 0.162, 0.074, 0.996, -0.092, -0.013, 0.092, 0.956, 0.277, -0.013, -0.277, 0.961)},
		["M6DLowerR"] = {["CFrame"] = CFrame.new(0, 0.162, 0.074, 0.996, 0.092, 0.012, -0.092, 0.956, 0.277, 0.014, -0.277, 0.961)},
		["M6DUpperL"] = {["CFrame"] = CFrame.new(-0.189, -0.014, 0.159, 0.934, -0.237, -0.269, 0.033, 0.802, -0.596, 0.357, 0.548, 0.757)},
		["M6DUpperR"] = {["CFrame"] = CFrame.new(0.189, 0.007, 0.155, 0.933, 0.238, 0.269, -0.05, 0.828, -0.559, -0.355, 0.509, 0.784)},
	},
	[0.417] = {
		["Torso"] = {["CFrame"] = CFrame.new(0, -1.231, -0.84, 1, 0, -0, -0, 0.17, -0.985, -0, 0.985, 0.17)},
		["Head"] = {["CFrame"] = CFrame.new(0, -0, 0, 1, -0, 0, 0, 0.893, 0.45, -0, -0.45, 0.893)},
		["Left Arm"] = {["CFrame"] = CFrame.new(0.121, -0.61, -0.163, 0.955, -0.2, 0.218, 0.103, 0.917, 0.386, -0.277, -0.346, 0.896)},
		["Left Leg"] = {["CFrame"] = CFrame.new(-0.142, 0.426, 0.012, 0.475, 0.879, 0.039, -0.872, 0.465, 0.155, 0.118, -0.107, 0.987)},
		["Right Arm"] = {["CFrame"] = CFrame.new(-0.121, -0.61, -0.163, 0.955, 0.2, -0.218, -0.103, 0.917, 0.386, 0.277, -0.346, 0.896)},
		["Right Leg"] = {["CFrame"] = CFrame.new(0.142, 0.426, 0.012, 0.475, -0.879, -0.039, 0.872, 0.465, 0.155, -0.118, -0.107, 0.987)},
		["M6DLowerL"] = {["CFrame"] = CFrame.new(-0.002, 0.162, 0.071, 0.996, -0.084, -0.013, 0.084, 0.957, 0.276, -0.011, -0.276, 0.961)},
		["M6DLowerR"] = {["CFrame"] = CFrame.new(0.002, 0.162, 0.071, 0.996, 0.084, 0.011, -0.084, 0.957, 0.276, 0.013, -0.276, 0.961)},
		["M6DUpperL"] = {["CFrame"] = CFrame.new(-0.189, -0.023, 0.16, 0.934, -0.237, -0.269, 0.024, 0.789, -0.614, 0.358, 0.567, 0.742)},
		["M6DUpperR"] = {["CFrame"] = CFrame.new(0.189, 0.001, 0.156, 0.933, 0.237, 0.269, -0.045, 0.821, -0.569, -0.356, 0.519, 0.778)},
	},
	[0.433] = {
		["Torso"] = {["CFrame"] = CFrame.new(0, -1.269, -0.829, 1, 0, -0, -0, 0.187, -0.982, -0, 0.982, 0.187)},
		["Head"] = {["CFrame"] = CFrame.new(0, 0, -0, 1, -0, 0, 0, 0.888, 0.461, -0, -0.461, 0.888)},
		["Left Arm"] = {["CFrame"] = CFrame.new(0.124, -0.637, -0.163, 0.954, -0.206, 0.216, 0.11, 0.915, 0.388, -0.277, -0.346, 0.896)},
		["Left Leg"] = {["CFrame"] = CFrame.new(-0.162, 0.427, 0.012, 0.511, 0.859, 0.033, -0.852, 0.501, 0.155, 0.117, -0.107, 0.987)},
		["Right Arm"] = {["CFrame"] = CFrame.new(-0.124, -0.637, -0.163, 0.954, 0.206, -0.216, -0.11, 0.915, 0.388, 0.277, -0.346, 0.896)},
		["Right Leg"] = {["CFrame"] = CFrame.new(0.162, 0.427, 0.012, 0.511, -0.859, -0.033, 0.852, 0.501, 0.155, -0.117, -0.107, 0.987)},
		["M6DLowerL"] = {["CFrame"] = CFrame.new(-0.006, 0.162, 0.064, 0.998, -0.061, -0.011, 0.062, 0.96, 0.272, -0.006, -0.272, 0.962)},
		["M6DLowerR"] = {["CFrame"] = CFrame.new(0.006, 0.162, 0.064, 0.998, 0.061, 0.008, -0.061, 0.96, 0.272, 0.009, -0.272, 0.962)},
		["M6DUpperL"] = {["CFrame"] = CFrame.new(-0.189, -0.033, 0.162, 0.934, -0.237, -0.269, 0.014, 0.773, -0.635, 0.358, 0.589, 0.725)},
		["M6DUpperR"] = {["CFrame"] = CFrame.new(0.189, -0.006, 0.157, 0.934, 0.237, 0.269, -0.04, 0.813, -0.581, -0.356, 0.532, 0.768)},
	},
	[0.45] = {
		["Torso"] = {["CFrame"] = CFrame.new(0, -1.305, -0.82, 1, 0, -0, -0, 0.201, -0.98, -0, 0.98, 0.201)},
		["Head"] = {["CFrame"] = CFrame.new(0, 0, 0, 1, -0, 0, 0, 0.881, 0.473, -0, -0.473, 0.881)},
		["Left Arm"] = {["CFrame"] = CFrame.new(0.127, -0.662, -0.163, 0.954, -0.211, 0.213, 0.115, 0.914, 0.389, -0.277, -0.347, 0.896)},
		["Left Leg"] = {["CFrame"] = CFrame.new(-0.179, 0.423, 0.013, 0.541, 0.841, 0.028, -0.833, 0.531, 0.155, 0.115, -0.107, 0.988)},
		["Right Arm"] = {["CFrame"] = CFrame.new(-0.127, -0.662, -0.163, 0.954, 0.211, -0.213, -0.115, 0.914, 0.389, 0.277, -0.347, 0.896)},
		["Right Leg"] = {["CFrame"] = CFrame.new(0.179, 0.423, 0.013, 0.541, -0.841, -0.028, 0.833, 0.531, 0.155, -0.115, -0.107, 0.988)},
		["M6DLowerL"] = {["CFrame"] = CFrame.new(-0.012, 0.161, 0.054, 1, -0.027, -0.01, 0.029, 0.964, 0.265, 0.002, -0.265, 0.964)},
		["M6DLowerR"] = {["CFrame"] = CFrame.new(0.012, 0.161, 0.054, 1, 0.028, 0.003, -0.028, 0.964, 0.265, 0.005, -0.265, 0.964)},
		["M6DUpperL"] = {["CFrame"] = CFrame.new(-0.189, -0.042, 0.164, 0.933, -0.237, -0.269, 0.002, 0.753, -0.658, 0.359, 0.613, 0.704)},
		["M6DUpperR"] = {["CFrame"] = CFrame.new(0.189, -0.014, 0.159, 0.934, 0.237, 0.269, -0.033, 0.802, -0.596, -0.357, 0.548, 0.757)},
	},
	[0.467] = {
		["Torso"] = {["CFrame"] = CFrame.new(0, -1.337, -0.813, 1, 0, -0, -0, 0.212, -0.977, -0, 0.977, 0.212)},
		["Head"] = {["CFrame"] = CFrame.new(0, 0, 0, 1, -0, 0, 0, 0.874, 0.486, -0, -0.486, 0.874)},
		["Left Arm"] = {["CFrame"] = CFrame.new(0.13, -0.683, -0.163, 0.953, -0.215, 0.212, 0.119, 0.913, 0.391, -0.277, -0.347, 0.896)},
		["Left Leg"] = {["CFrame"] = CFrame.new(-0.192, 0.416, 0.014, 0.564, 0.826, 0.024, -0.818, 0.554, 0.155, 0.114, -0.107, 0.988)},
		["Right Arm"] = {["CFrame"] = CFrame.new(-0.13, -0.683, -0.163, 0.953, 0.215, -0.212, -0.119, 0.913, 0.391, 0.277, -0.347, 0.896)},
		["Right Leg"] = {["CFrame"] = CFrame.new(0.192, 0.416, 0.014, 0.564, -0.826, -0.024, 0.818, 0.554, 0.155, -0.114, -0.107, 0.988)},
		["M6DLowerL"] = {["CFrame"] = CFrame.new(-0.019, 0.159, 0.042, 1, 0.014, -0.008, -0.012, 0.966, 0.256, 0.011, -0.256, 0.967)},
		["M6DLowerR"] = {["CFrame"] = CFrame.new(0.019, 0.159, 0.042, 1, -0.013, -0.002, 0.013, 0.967, 0.256, -0.001, -0.256, 0.967)},
		["M6DUpperL"] = {["CFrame"] = CFrame.new(-0.189, -0.052, 0.166, 0.933, -0.238, -0.269, -0.011, 0.73, -0.683, 0.359, 0.641, 0.679)},
		["M6DUpperR"] = {["CFrame"] = CFrame.new(0.189, -0.023, 0.16, 0.934, 0.237, 0.269, -0.024, 0.789, -0.614, -0.358, 0.567, 0.742)},
	},
	[0.483] = {
		["Torso"] = {["CFrame"] = CFrame.new(0, -1.364, -0.808, 1, 0, -0, -0, 0.219, -0.976, -0, 0.976, 0.219)},
		["Head"] = {["CFrame"] = CFrame.new(0, -0, 0, 1, -0, 0, 0, 0.866, 0.5, -0, -0.5, 0.866)},
		["Left Arm"] = {["CFrame"] = CFrame.new(0.132, -0.7, -0.163, 0.953, -0.218, 0.211, 0.121, 0.912, 0.392, -0.277, -0.348, 0.896)},
		["Left Leg"] = {["CFrame"] = CFrame.new(-0.2, 0.406, 0.015, 0.579, 0.815, 0.021, -0.807, 0.569, 0.154, 0.114, -0.106, 0.988)},
		["Right Arm"] = {["CFrame"] = CFrame.new(-0.132, -0.7, -0.163, 0.953, 0.218, -0.211, -0.121, 0.912, 0.392, 0.277, -0.348, 0.896)},
		["Right Leg"] = {["CFrame"] = CFrame.new(0.2, 0.406, 0.015, 0.579, -0.815, -0.021, 0.807, 0.569, 0.154, -0.114, -0.106, 0.988)},
		["M6DLowerL"] = {["CFrame"] = CFrame.new(-0.028, 0.157, 0.029, 0.998, 0.059, -0.007, -0.056, 0.968, 0.246, 0.021, -0.245, 0.969)},
		["M6DLowerR"] = {["CFrame"] = CFrame.new(0.028, 0.157, 0.029, 0.998, -0.057, -0.008, 0.057, 0.968, 0.245, -0.007, -0.245, 0.969)},
		["M6DUpperL"] = {["CFrame"] = CFrame.new(-0.189, -0.062, 0.168, 0.933, -0.238, -0.269, -0.026, 0.703, -0.71, 0.358, 0.67, 0.65)},
		["M6DUpperR"] = {["CFrame"] = CFrame.new(0.189, -0.033, 0.162, 0.934, 0.237, 0.269, -0.014, 0.773, -0.635, -0.358, 0.589, 0.725)},
	},
	[0.5] = {
		["Torso"] = {["CFrame"] = CFrame.new(-0, -1.383, -0.807, 1, 0, -0, -0, 0.221, -0.975, -0, 0.975, 0.221)},
		["Head"] = {["CFrame"] = CFrame.new(0, 0, -0, 1, -0, 0, 0, 0.857, 0.515, -0, -0.515, 0.857)},
		["Left Arm"] = {["CFrame"] = CFrame.new(0.134, -0.711, -0.163, 0.953, -0.218, 0.21, 0.122, 0.911, 0.393, -0.277, -0.349, 0.895)},
		["Left Leg"] = {["CFrame"] = CFrame.new(-0.202, 0.395, 0.016, 0.585, 0.811, 0.019, -0.803, 0.576, 0.154, 0.114, -0.105, 0.988)},
		["Right Arm"] = {["CFrame"] = CFrame.new(-0.134, -0.711, -0.163, 0.953, 0.218, -0.21, -0.122, 0.911, 0.393, 0.277, -0.349, 0.895)},
		["Right Leg"] = {["CFrame"] = CFrame.new(0.202, 0.395, 0.016, 0.585, -0.811, -0.019, 0.803, 0.576, 0.154, -0.114, -0.105, 0.988)},
		["M6DLowerL"] = {["CFrame"] = CFrame.new(-0.036, 0.155, 0.015, 0.995, 0.104, -0.006, -0.1, 0.967, 0.233, 0.03, -0.232, 0.972)},
		["M6DLowerR"] = {["CFrame"] = CFrame.new(0.036, 0.155, 0.015, 0.995, -0.102, -0.012, 0.102, 0.967, 0.232, -0.012, -0.232, 0.973)},
		["M6DUpperL"] = {["CFrame"] = CFrame.new(-0.189, -0.071, 0.17, 0.933, -0.238, -0.269, -0.042, 0.673, -0.739, 0.357, 0.701, 0.618)},
		["M6DUpperR"] = {["CFrame"] = CFrame.new(0.189, -0.042, 0.164, 0.933, 0.237, 0.269, -0.002, 0.753, -0.658, -0.359, 0.613, 0.704)},
	},
	[0.517] = {
		["Torso"] = {["CFrame"] = CFrame.new(0, -1.396, -0.808, 1, 0, -0, -0, 0.221, -0.975, -0, 0.975, 0.221)},
		["Head"] = {["CFrame"] = CFrame.new(0, 0, 0, 1, -0, 0, 0, 0.848, 0.53, -0, -0.53, 0.848)},
		["Left Arm"] = {["CFrame"] = CFrame.new(0.136, -0.718, -0.163, 0.953, -0.218, 0.21, 0.122, 0.911, 0.394, -0.277, -0.35, 0.895)},
		["Left Leg"] = {["CFrame"] = CFrame.new(-0.202, 0.387, 0.018, 0.587, 0.809, 0.018, -0.801, 0.578, 0.154, 0.114, -0.105, 0.988)},
		["Right Arm"] = {["CFrame"] = CFrame.new(-0.136, -0.718, -0.163, 0.953, 0.218, -0.21, -0.122, 0.911, 0.394, 0.277, -0.35, 0.895)},
		["Right Leg"] = {["CFrame"] = CFrame.new(0.202, 0.387, 0.018, 0.587, -0.809, -0.018, 0.801, 0.578, 0.154, -0.114, -0.105, 0.988)},
		["M6DLowerL"] = {["CFrame"] = CFrame.new(-0.043, 0.153, 0.003, 0.989, 0.145, -0.006, -0.14, 0.965, 0.22, 0.038, -0.217, 0.975)},
		["M6DLowerR"] = {["CFrame"] = CFrame.new(0.043, 0.153, 0.003, 0.99, -0.142, -0.016, 0.142, 0.965, 0.218, -0.016, -0.218, 0.976)},
		["M6DUpperL"] = {["CFrame"] = CFrame.new(-0.189, -0.08, 0.171, 0.933, -0.238, -0.269, -0.059, 0.639, -0.767, 0.355, 0.731, 0.582)},
		["M6DUpperR"] = {["CFrame"] = CFrame.new(0.189, -0.052, 0.166, 0.933, 0.238, 0.269, 0.011, 0.73, -0.683, -0.359, 0.641, 0.679)},
	},
	[0.533] = {
		["Torso"] = {["CFrame"] = CFrame.new(0, -1.409, -0.811, 1, 0, -0, -0, 0.221, -0.975, -0, 0.975, 0.221)},
		["Head"] = {["CFrame"] = CFrame.new(0, -0, 0, 1, -0, 0, 0, 0.838, 0.546, -0, -0.546, 0.838)},
		["Left Arm"] = {["CFrame"] = CFrame.new(0.137, -0.725, -0.163, 0.953, -0.218, 0.21, 0.121, 0.91, 0.396, -0.277, -0.352, 0.894)},
		["Left Leg"] = {["CFrame"] = CFrame.new(-0.201, 0.381, 0.019, 0.59, 0.807, 0.017, -0.799, 0.581, 0.154, 0.114, -0.104, 0.988)},
